10
0 561 0
141 154 5
478 486 2
58 76 8
241 254 3
317 331 4
79 95 8
401 410 1
25 34 2
336 349 3
0 67 64 43 22 60 13 28 25 85
75 0 36 18 93 5 33 45 49 96
73 57 0 43 12 17 87 30 99 71
33 41 5 0 90 7 9 90 65 79
27 29 14 26 0 73 19 60 19 62
34 34 62 59 11 0 54 38 2 14
83 54 38 95 64 82 0 37 96 12
75 83 79 83 69 93 67 0 50 95
12 43 16 30 89 97 51 89 0 85
52 51 53 74 51 65 17 61 73 0
0 18 21 10 27 26 14 26 45 10
18 0 35 8 43 44 18 34 61 26
21 35 0 27 32 26 18 44 27 12
10 8 27 0 36 36 12 31 53 18
27 43 32 36 0 8 39 23 40 24
26 44 26 36 8 0 36 30 32 21
14 18 18 12 39 36 0 40 45 15
26 34 44 31 23 30 40 0 61 32
45 61 27 53 40 32 45 61 0 35
10 26 12 18 24 21 15 32 35 0
Cost:  297
Route:  0  8  3  6  1  4  5  9  7  2  